51.157764 -110.214152
51.496228 -113.510024
51.291700 -114.014364
53.675439 -114.353532
52.931262 -114.941364
52.399486 -113.186503
52.435934 -111.784606
51.918259 -110.146722
53.879661 -112.335177
56.448899 -111.036765
53.551606 -113.142839
50.738628 -113.150683
54.129050 -111.568986
58.697900 -118.689931
54.721409 -113.286182
51.178363 -115.570769
49.997547 -113.081677
54.123072 -114.401674
52.579744 -112.974578
50.789479 -112.468645
52.919099 -112.465769
56.216284 -119.819115
53.352426 -113.415373
55.213974 -119.423302
51.385029 -113.535263
52.465178 -114.050048
56.145801 -117.733704
52.034075 -112.753451
50.878624 -110.275445
50.688387 -114.232644
52.380782 -113.794551
50.608538 -113.628796
54.121206 -115.379791
53.837260 -113.412126
55.912570 -119.827345
54.268177 -110.720037
49.869621 -111.377099
51.933087 -114.032226
54.587260 -112.803797
50.951740 -114.569234
53.109990 -114.471395
49.551746 -113.750930
50.565975 -111.899167
56.123646 -117.890802
53.803499 -112.926586
49.833085 -111.521335
51.978086 -112.290583
53.032472 -117.326529
51.048615 -114.070846
55.210335 -113.193325
53.265098 -113.805667
53.022205 -112.828598
51.089243 -115.359713
51.485685 -113.154075
49.195066 -113.301798
50.127057 -113.111684
52.093932 -114.740442
50.852276 -113.469691
51.564940 -114.098597
52.219758 -111.906617
50.450211 -113.850782
51.417889 -110.799525
51.007967 -111.561039
50.241366 -113.148834
52.694313 -110.141842
51.049809 -113.823302
56.933333 -113.450000
53.698014 -112.637618
55.243191 -118.794524
50.019192 -113.583768
52.477835 -113.447552
54.148472 -113.635485
49.727520 -112.617909
49.745727 -112.931928
51.190988 -114.467860
54.464317 -110.173147
55.631388 -111.083884
52.009770 -110.775381
52.093738 -111.445833
49.002341 -111.964800
49.567682 -114.074235
51.669536 -112.249143
51.545104 -114.490095
51.430164 -114.031955
49.590875 -114.523843
52.453201 -110.825457
52.865508 -112.261635
55.214790 -118.026119
52.197629 -113.234232
51.632028 -112.374048
53.654719 -110.966881
53.361383 -113.726358
53.586167 -110.524018
51.660836 -114.136516
56.537736 -117.671415
52.584697 -112.576033
55.727275 -117.104853
53.221407 -114.976678
51.465185 -112.710534
50.731232 -111.906006
55.782235 -117.880650
51.336301 -112.489524
52.363303 -114.366494
52.760072 -110.458472
53.544389 -113.490927
53.585509 -116.442861
53.897201 -110.900963
49.662036 -110.280955
51.994427 -113.199939
50.952944 -110.009368
50.164518 -112.419032
49.478794 -111.104532
53.599848 -115.017701
51.058451 -115.164497
56.069639 -118.391667
55.736491 -117.201839
55.318170 -115.637712
52.764609 -112.970199
54.689162 -114.155483
49.479033 -111.440779
52.582306 -112.065587
54.333998 -114.769976
58.719637 -111.140697
57.186758 -111.636785
49.721679 -113.400041
56.726380 -111.380341
53.700716 -113.209466
58.387333 -116.019700
54.402170 -116.808907
58.464935 -114.536086
52.295428 -112.356447
52.514013 -111.927270
53.825792 -113.326611
55.882133 -115.824732
55.753998 -117.338664
50.866153 -113.051568
54.249908 -111.154069
49.365380 -113.516425
54.413167 -110.213681
53.888685 -119.114022
55.169940 -118.798615
49.871742 -113.510098
54.820315 -112.684927
49.825707 -111.698000
56.189377 -117.610489
55.523223 -116.159278
53.761874 -111.976501
52.283105 -112.153954
51.644058 -111.928720
52.675005 -111.303656
53.196431 -113.054772
50.094406 -111.800078
53.770072 -110.527841
52.670274 -112.220274
58.516354 -117.135160
55.433872 -116.487705
50.580102 -113.870731
50.484704 -110.032833
56.247390 -118.601448
53.403709 -117.571842
52.834432 -113.447207
53.232917 -112.234744
52.511509 -110.965224
51.041081 -112.681379
55.330696 -119.556393
52.027406 -113.947096
53.380354 -111.529796
52.913377 -111.230379
49.931477 -112.688919
51.318965 -113.610525
49.954314 -110.267986
53.393511 -110.541616
54.455893 -113.989485
52.873679 -118.081358
50.746954 -111.184476
55.397153 -115.952693
51.076335 -115.128800
53.441377 -114.348876
57.788404 -117.855936
52.791119 -111.860621
55.331432 -115.433100
53.341199 -110.333575
58.187466 -116.406999
54.769641 -111.972514
52.463051 -113.728624
51.425370 -116.177255
53.760198 -112.779539
50.973242 -113.679557
53.456236 -111.866506
53.258013 -113.550222
53.948967 -113.595005
52.384329 -114.601406
49.693490 -112.841840
53.277963 -110.006145
53.099902 -115.316841
50.350531 -112.642324
50.531342 -114.233387
52.745422 -111.544703
49.423645 -112.868607
52.976518 -113.959716
56.923317 -117.628648
53.336337 -111.175800
49.401688 -110.693238
53.553313 -116.795184
53.516888 -110.331258
53.952501 -115.139726
55.711785 -116.909981
59.049135 -117.716673
50.040549 -110.676426
49.150126 -112.086912
53.092082 -113.470283
50.569985 -112.882131
53.315255 -111.366313
52.464695 -113.111680
53.792506 -113.646344
51.161543 -114.850968
51.660251 -112.764935
53.050862 -114.000320
53.595983 -112.343201
53.660890 -111.229559
53.716051 -113.492173
56.037732 -117.132788
50.346336 -113.774672
49.426747 -112.379434
52.868854 -112.950840
53.272376 -113.147222
54.326111 -112.950902
53.337357 -113.524002
53.617312 -115.769543
49.879900 -113.057147
52.467986 -116.081488
50.725494 -113.974947
51.792014 -114.105279
53.701750 -114.198066
51.351861 -110.482521
53.030644 -110.294977
56.234182 -117.289384
56.678012 -114.582525
53.667609 -115.987749
52.135433 -113.872710
49.873019 -112.780186
49.486346 -113.950255
54.849274 -112.343671
52.675914 -113.583237
52.355953 -110.260791
54.064501 -112.946470
58.502360 -119.399905
50.246198 -111.169293
49.463539 -112.662242
52.268112 -113.811239
50.071995 -110.781883
53.950584 -113.108885
52.639671 -114.238114
53.233578 -116.974483
54.370912 -113.455132
52.379343 -114.918288
51.233124 -113.140475
50.222692 -111.768662
52.787507 -112.440432
51.299665 -112.950867
51.843005 -112.838550
55.755852 -118.705937
53.290352 -112.427504
53.887888 -114.899731
51.972959 -116.743725
50.339063 -110.096425
53.556051 -114.736471
52.776503 -111.696750
49.873468 -110.906311
55.350192 -118.783281
53.541208 -113.295736
51.389743 -110.150634
56.042866 -119.566457
55.286683 -114.771118
55.163056 -114.038200
54.112364 -112.475907
55.780280 -118.842111
53.542785 -113.903367
52.086202 -114.311183
53.630475 -113.625642
53.832498 -112.628669
53.991116 -111.295305
49.467998 -113.305410
51.110524 -112.982292
50.160931 -113.640785
52.322752 -112.710904
49.502310 -112.523179
53.527931 -114.001928
51.037852 -113.400287
52.812330 -112.065882
51.797215 -114.640501
54.716049 -115.402590
52.307620 -114.097995
49.785961 -112.149653
54.153255 -113.125807
53.227553 -114.050049
51.707120 -113.264864
50.451119 -111.652348
53.371387 -112.663231
53.395845 -114.763275
51.794526 -113.604267
51.823821 -113.232767
56.493613 -114.558269
50.673904 -114.278862
53.711648 -111.744879
55.069160 -117.281106
50.069186 -112.107775
53.505173 -112.062139
53.354016 -110.858626
52.001387 -111.118136
53.096079 -111.776453
54.116470 -111.921240
50.403172 -113.261248
53.558688 -114.468790
52.833070 -110.850470
49.948275 -110.047382
55.201392 -112.465214
55.736396 -118.388515
53.181114 -114.318635
49.283219 -112.207359
54.092316 -112.625652
54.095411 -112.782746
55.152666 -119.147889
54.152156 -113.851419
52.969535 -113.377245
54.142404 -115.684981
56.107880 -118.078671
55.362223 -115.030671
53.609965 -115.235548
53.828723 -112.117985
52.963515 -114.412612
55.592325 -118.776114
56.507923 -119.134100
49.523482 -112.172190
51.528582 -111.205454
51.643970 -121.295010
51.750319 -121.345478
51.750319 -121.345478
52.104057 -121.928257
49.050438 -122.304470
49.238941 -121.765883
49.276166 -126.056367
49.058052 -122.470667
50.584486 -126.925409
52.082986 -123.277992
51.788563 -122.228337
50.447698 -119.196994
50.725925 -121.280474
59.578028 -133.689524
51.785209 -119.323101
49.624750 -116.962879
48.833289 -125.142835
51.182478 -120.123711
49.031924 -123.055374
54.492974 -122.683060
50.535164 -126.857835
49.434206 -119.088297
52.160542 -128.145579
52.372128 -126.753935
49.832962 -125.129371
49.770102 -124.395870
52.106465 -119.304881
56.972222 -130.247222
49.863426 -121.442574
49.453918 -116.762954
49.376765 -123.370154
49.438991 -124.683518
51.481605 -120.729613
49.623818 -123.205511
49.248809 -122.980510
54.233415 -125.763613
50.810810 -121.323324
50.033123 -125.273335
50.154785 -115.808063
59.282150 -129.816895
49.323741 -117.659334
50.943942 -119.349578
50.818848 -119.684519
48.930165 -123.734482
55.697680 -121.629673
49.157940 -121.951467
49.041715 -118.212072
51.651071 -120.038173
51.092699 -121.586531
48.688350 -123.603089
48.428756 -123.488893
49.673513 -124.928266
49.283763 -122.793206
49.684139 -124.990449
48.737309 -123.621550
49.512968 -115.769400
49.681288 -116.824230
49.052191 -122.885321
49.095540 -116.513508
49.618806 -125.031269
50.553902 -122.478883
55.759627 -120.237662
58.437410 -129.999378
49.095215 -123.026476
51.492841 -117.176223
50.166632 -120.217676
48.778691 -123.707942
53.119815 -119.827689
55.716183 -121.216169
50.024565 -114.923530
49.299036 -115.110965
50.550850 -119.139670
49.383484 -126.544725
50.335927 -115.851186
50.500051 -119.552762
49.871992 -118.074253
49.504045 -115.063065
51.394953 -116.490023
56.266667 -120.283333
51.767115 -121.098162
54.061971 -124.552796
58.805017 -122.697236
54.442572 -124.251047
56.252423 -120.846409
54.056230 -124.849555
49.113702 -117.548783
49.157775 -123.789335
48.923647 -123.441472
48.854426 -123.500507
49.397417 -123.515222
54.066667 -122.366667
50.851194 -122.839148
49.778164 -126.049615
51.296119 -116.963137
59.281944 -129.302778
49.030095 -118.445139
54.884565 -126.207158
49.099084 -115.083811
53.971874 -125.884067
55.032217 -129.581210
49.087895 -118.678100
53.423919 -129.253510
55.256817 -127.672002
49.357177 -120.076544
49.376709 -121.934807
52.091965 -120.793525
53.416942 -122.582528
50.652272 -128.025294
49.379491 -121.441692
52.332730 -121.417202
54.397997 -126.648209
56.035717 -121.903829
50.506456 -116.029143
57.833333 -129.983333
49.370836 -115.301937
50.674522 -120.327268
49.914250 -116.915450
49.887952 -119.496011
53.560594 -127.939773
49.202462 -119.829483
49.665157 -115.996721
54.994444 -129.954167
54.049366 -128.628353
53.794480 -130.433219
55.454649 -129.472385
55.111672 -128.026776
52.593633 -128.524100
50.030633 -127.378812
51.812737 -121.472003
48.995340 -123.816100
48.825812 -124.054167
49.224568 -123.108437
49.104178 -122.660352
49.250616 -124.075031
52.616667 -121.550000
50.686302 -121.936750
51.423965 -120.205343
50.498621 -121.032841
53.599700 -120.702366
59.923837 -128.486390
50.250699 -118.967831
50.233258 -121.581404
55.338446 -123.094807
49.219323 -122.598398
54.011458 -132.147198
53.301347 -120.168461
52.415371 -122.289717
54.993075 -123.043873
50.111308 -120.786222
52.005900 -118.564275
49.010219 -118.774354
49.132927 -122.326160
56.450045 -120.926468
49.288053 -115.833511
58.926463 -125.771076
50.239854 -117.801106
49.165884 -123.940065
49.596295 -119.595654
49.492812 -117.294834
55.205780 -129.078330
49.991290 -117.372071
49.205718 -122.910956
52.333333 -125.150000
48.619748 -123.416910
49.319982 -123.072414
52.354021 -127.693746
49.037922 -122.855181
49.344885 -119.571493
49.182326 -119.550428
49.032304 -119.468163
50.109721 -119.369069
49.319338 -124.313641
51.070135 -116.634861
49.770299 -119.740790
50.322028 -122.805050
49.499138 -119.593708
49.219065 -122.689516
49.233888 -124.805549
50.425429 -127.487707
53.688714 -132.184755
49.262838 -122.781071
54.195685 -130.115302
50.712387 -127.460393
50.590142 -127.084755
49.521748 -123.488059
49.284911 -122.867756
48.552966 -124.422299
55.716166 -120.133887
49.835235 -124.524706
56.921580 -121.060748
53.917064 -122.749669
54.315037 -130.320819
49.458959 -120.506157
58.206939 -123.439990
50.205764 -125.268242
49.348235 -124.442826
53.254995 -132.086868
52.981737 -122.494906
50.620038 -116.073359
53.680113 -122.672359
50.998115 -118.195672
49.166590 -123.133569
49.763677 -116.856438
51.968415 -122.529743
49.055926 -118.997683
55.897988 -120.140495
49.078142 -117.800004
48.459263 -123.376722
49.194892 -117.279277
50.700103 -119.283844
54.099955 -122.658538
53.243025 -131.820879
50.752765 -120.843769
50.383718 -125.960212
49.474174 -123.754560
50.732205 -122.232405
50.837824 -118.976816
48.650241 -123.399005
49.912481 -115.733706
49.762993 -117.469920
54.782355 -127.168554
50.630864 -127.017264
48.374035 -123.735554
50.876860 -119.469938
49.457630 -117.523764
49.734468 -114.879655
50.414053 -121.359529
50.905829 -116.365237
49.701634 -123.155812
55.941312 -129.987892
49.607330 -119.676881
54.277198 -122.668426
49.191347 -122.849013
54.656916 -124.741732
49.927861 -126.656541
51.905156 -124.597755
56.152569 -120.681407
57.902930 -131.159156
54.695016 -127.047610
54.518192 -128.603154
49.354177 -117.577770
58.847789 -125.231724
49.152984 -125.906618
54.505051 -126.296656
49.096568 -117.711730
50.651292 -117.540371
56.906111 -124.965000
55.125795 -120.993154
48.941600 -125.546345
52.831220 -119.264311
49.559334 -117.650721
49.756122 -124.554059
49.282729 -123.120738
54.013980 -124.012980
51.578841 -119.717927
50.267014 -119.272011
48.428421 -123.365644
48.452766 -123.434803
53.085974 -121.624418
49.328625 -123.160198
49.831365 -119.628193
50.472300 -119.773993
50.116320 -122.957356
49.025309 -122.802962
52.141674 -122.141688
49.266492 -119.592269
50.022124 -119.406251
50.524240 -128.028259
56.730259 -121.808989
49.180733 -116.555034
49.086794 -116.088400
49.561062 -121.429172
48.866702 -124.200011
49.981803 -126.845404
49.817890 -97.146507
49.829851 -100.295269
50.801177 -98.977607
49.103498 -97.555495
50.906104 -97.218171
51.180849 -98.350341
49.951529 -98.936927
49.385578 -99.243840
50.247038 -99.838649
50.061728 -96.515852
49.409886 -99.456436
51.913938 -101.547909
52.353035 -97.002605
50.260013 -101.035451
50.624469 -101.286639
50.422125 -101.044952
51.025965 -95.684089
49.230437 -100.059504
49.848471 -99.950090
57.880769 -101.670225
50.047808 -99.567729
51.987846 -100.147958
49.867704 -99.360176
49.508565 -98.001699
49.093896 -99.341467
58.768411 -94.164964
54.224611 -100.601709
52.033829 -100.648014
54.585867 -101.375898
50.149783 -100.782632
54.712270 -97.613267
49.147459 -98.949553
49.556216 -99.090882
49.205029 -98.377664
51.150037 -100.049700
49.192882 -100.493984
49.141929 -97.155422
49.885934 -96.842837
53.107500 -99.812778
51.090151 -99.149071
49.889273 -98.514516
49.443833 -100.269094
49.903516 -97.759202
49.975365 -101.240840
49.675556 -97.992500
49.005552 -97.207822
50.498324 -99.914023
50.860281 -98.106163
51.525757 -100.393198
49.702994 -95.243251
51.082960 -97.615968
51.438047 -97.386360
54.765769 -101.876215
51.510220 -100.017603
50.520420 -101.154059
51.148376 -100.489159
56.348028 -94.709120
50.632081 -96.988675
50.224998 -98.950765
49.558002 -99.289103
50.556275 -99.192880
54.553608 -94.494085
50.556213 -96.633602
53.184153 -99.267851
51.173681 -100.695652
49.007931 -97.561051
51.769320 -98.639393
49.676667 -95.907500
50.179871 -100.599835
49.480947 -100.521532
51.135537 -96.664537
49.594356 -98.881248
56.067583 -95.600403
50.507025 -97.497511
53.802437 -94.413315
50.624183 -99.461640
49.985892 -100.612942
49.181664 -99.664952
49.521344 -96.510146
58.619081 -101.486344
50.259444 -96.061558
50.386026 -98.675306
56.462674 -100.010765
50.269136 -96.719609
52.008541 -95.429739
50.082108 -96.942321
50.698002 -98.041431
56.850343 -101.053807
49.966172 -98.778194
52.683956 -101.110293
51.102405 -96.283826
49.240437 -98.538499
50.262407 -101.388408
50.774615 -99.493734
49.272060 -100.993019
49.369597 -98.239013
50.142719 -101.034637
50.247038 -99.838649
49.406784 -100.023938
53.704560 -100.310932
49.192329 -98.097732
49.354483 -97.364688
50.227704 -99.466771
55.783984 -98.886753
50.351669 -100.203663
49.605965 -97.040187
53.982065 -97.832932
49.532737 -98.558011
49.766191 -100.630859
50.136568 -100.431155
49.929444 -98.003889
51.062222 -99.780000
54.949983 -95.265749
51.315670 -97.560143
52.744949 -100.691595
55.587778 -97.155556
49.202269 -98.893167
50.150335 -95.879838
51.640482 -96.804445
50.566645 -96.222847
51.784291 -100.531095
49.075166 -95.979087
49.190527 -97.759855
50.387902 -99.089452
50.300833 -95.551389
52.996119 -97.300275
50.889988 -97.605354
49.972321 -98.290325
50.120616 -100.037296
49.647694 -98.546526
54.160000 -93.567222
49.852778 -95.552778
49.557378 -101.094182
50.032864 -100.239673
50.996133 -96.999756
51.228184 -101.352325
49.366067 -97.933769
51.390268 -99.590265
50.668344 -100.810871
50.780370 -101.284938
50.527972 -100.177414
49.679963 -97.446068
50.143528 -96.875429
55.861720 -92.098404
49.806002 -99.639624
50.438087 -100.590730
49.899197 -99.086748
51.361212 -100.143325
54.878567 -100.022032
49.046923 -98.660151
49.411939 -98.658894
49.620798 -100.258303
56.780695 -98.928107
49.509172 -97.704697
56.245139 -96.095057
49.035457 -95.642988
49.657729 -98.346471
49.913329 -97.539939
49.266073 -97.342296
50.413532 -97.940939
50.448907 -101.304535
49.768552 -97.618375
49.569001 -97.184148
51.061057 -99.523438
51.439358 -98.796172
49.528528 -96.691092
50.135154 -97.327397
49.440330 -96.985064
50.427051 -100.343057
52.500700 -100.779378
52.105092 -101.270621
58.714063 -98.481559
50.386873 -97.260690
53.825527 -101.247613
55.318056 -97.686944
55.744925 -97.850871
49.628389 -98.698554
49.848668 -100.932528
49.134245 -96.562236
53.908333 -94.945833
54.909392 -98.629417
54.182075 -101.360301
50.657836 -99.963618
51.943801 -99.592618
49.596279 -99.686804
49.948792 -95.945791
49.180110 -97.938947
49.895136 -97.138374
50.506707 -96.975396
51.649937 -99.926558
49.281603 -96.148429
45.778184 -64.777420
45.864114 -64.662069
47.474777 -65.492461
45.603795 -64.941436
47.052590 -64.952458
47.307943 -68.497005
47.972686 -66.445405
46.507986 -67.587531
47.618351 -65.651336
47.885949 -65.811478
47.701474 -65.700718
45.058887 -66.784974
46.732771 -65.829786
46.455726 -66.419682
46.472276 -64.724265
45.469622 -66.125490
48.007399 -66.672206
44.890016 -66.919472
45.894459 -67.461209
46.231764 -64.267770
47.789730 -64.962827
46.430294 -67.710329
47.031042 -65.469001
46.167711 -65.879443
47.253429 -68.605292
45.945757 -66.133804
46.330917 -64.612708
48.065775 -66.373113
46.068623 -67.691675
46.095276 -64.748664
46.553738 -66.136408
45.900828 -64.516947
47.369013 -68.326674
46.445817 -67.617435
46.487898 -65.090438
45.963589 -66.643115
45.662936 -66.613143
45.781020 -66.152822
46.480562 -67.422095
45.308018 -66.195170
47.047993 -67.739901
44.706392 -66.815771
47.813271 -65.182068
47.047993 -67.739901
45.626007 -66.136271
45.532951 -65.832168
46.067305 -65.259559
46.301266 -67.521846
45.995992 -65.314165
45.923605 -64.649470
45.586405 -66.553148
47.917139 -66.008839
47.643788 -67.343231
45.996980 -66.875058
47.793421 -64.647898
45.099205 -66.470768
45.595300 -67.325344
45.992693 -67.480531
46.004431 -64.551309
46.130794 -67.198563
46.076164 -66.074910
47.029571 -65.505906
47.960439 -64.519517
46.087817 -64.778231
45.989139 -67.241222
47.255305 -65.070886
46.994325 -67.591414
45.640886 -65.701794
45.848665 -66.481286
47.669159 -65.103807
46.745812 -67.697772
47.783910 -65.719407
45.932122 -65.173894
46.908249 -67.395531
46.049646 -64.087821
45.432171 -65.946258
46.937694 -65.819547
46.681787 -64.865980
46.061254 -64.805218
46.732946 -65.427162
45.388826 -65.994297
45.897903 -64.368280
45.073843 -67.053090
45.273315 -66.063308
46.026144 -65.043505
46.220197 -64.534687
47.743928 -64.705693
45.713682 -65.810425
45.130653 -66.826198
47.162759 -67.925605
45.348151 -65.555624
45.194165 -67.275562
46.283323 -66.738993
46.362917 -64.752667
47.392685 -68.173987
47.250051 -68.031749
47.556968 -65.039480
46.738602 -64.975203
47.511916 -67.392129
45.357091 -66.085829
45.723619 -65.510876
47.327155 -65.011012
46.795076 -67.684682
47.512071 -64.912087
45.456044 -66.341622
45.361492 -66.241698
46.150266 -67.603395
45.950000 -65.850000
48.995070 -54.862234
47.302052 -53.986824
47.757445 -53.988744
47.420842 -53.195266
48.980886 -56.038213
49.939265 -56.190729
53.408136 -55.773132
52.273627 -55.585215
47.710172 -52.817925
47.318514 -52.815528
48.084961 -52.895618
47.546282 -54.882723
47.582052 -53.279852
49.618979 -55.684387
47.626228 -52.967701
47.526750 -55.414973
47.629631 -53.733395
49.009517 -58.131688
49.351575 -54.742958
49.013887 -55.487801
48.220096 -53.502254
53.469444 -55.785000
48.653345 -53.111825
49.142298 -55.344085
49.444054 -54.658504
46.882222 -53.953012
49.936721 -55.710790
47.533266 -53.220579
48.825080 -56.855308
47.613413 -57.610491
47.053167 -55.174074
49.751144 -56.021552
47.597581 -58.884767
49.282033 -54.934455
47.096498 -52.950204
47.737522 -53.229487
49.403316 -54.286723
53.707009 -57.023317
48.516808 -53.078534
48.987899 -53.906929
47.683190 -53.822892
49.672394 -54.408437
47.519957 -53.673820
52.771527 -56.119259
53.594549 -64.308030
48.168225 -53.964553
48.160315 -53.969069
47.546909 -53.283522
47.882072 -59.393560
47.461474 -53.232837
47.832757 -53.997710
49.404491 -54.860347
47.508318 -52.994060
47.441262 -53.219434
50.887011 -55.889605
47.863592 -55.756869
51.603383 -55.868936
48.948997 -57.950273
49.502891 -54.849670
49.913642 -57.792579
47.549309 -53.224007
50.238188 -57.588028
55.865240 -60.849828
49.173168 -57.433873
48.868630 -53.970412
48.651764 -53.757846
48.634698 -53.047630
49.312622 -55.030102
50.733031 -56.104124
47.633838 -54.886716
47.534285 -53.899820
46.975547 -52.959949
47.706771 -52.713070
50.122232 -56.132195
51.300041 -56.727810
49.713344 -54.275160
51.478460 -56.957563
47.071983 -55.827295
47.103256 -55.100894
53.225336 -55.736184
47.259181 -53.990835
48.785080 -54.213302
48.954408 -54.610349
47.234769 -55.361512
47.611677 -55.909699
48.996846 -54.868834
48.674366 -54.035765
53.301683 -60.326084
47.100240 -55.752491
48.927669 -55.657502
48.927669 -55.657502
50.371773 -56.517695
51.383333 -56.583333
49.074719 -53.577040
49.542770 -56.856644
48.015794 -53.267191
53.301683 -60.326084
47.477499 -55.825875
47.695114 -53.211639
47.431956 -53.160060
48.854175 -54.011910
50.616026 -57.151071
47.869959 -53.363142
47.763440 -53.478379
47.811738 -53.440349
48.102308 -53.730813
49.571443 -54.704534
48.035559 -53.922331
47.384965 -53.124654
55.457954 -60.211485
49.167642 -57.117811
49.009886 -58.135293
53.563010 -56.032859
49.617118 -54.310079
47.587461 -58.974439
49.863472 -56.787214
48.442062 -53.802922
49.726683 -54.173526
48.566022 -53.337129
49.581227 -56.184130
48.548901 -58.623556
51.525765 -56.833568
49.957701 -55.611960
52.939001 -66.914216
49.466667 -54.050000
46.868953 -55.803282
49.101954 -58.364467
46.946797 -55.544739
49.245038 -55.059155
49.644215 -55.791086
49.644215 -55.791086
49.357032 -55.081752
48.537212 -53.064951
48.011268 -53.684871
47.640416 -52.686534
47.432430 -53.816210
47.578262 -52.732048
48.656999 -59.003621
47.994136 -52.986947
49.294942 -53.598962
51.182943 -56.015680
55.086168 -59.176434
52.305190 -55.837402
47.165075 -55.155530
48.935079 -57.893577
49.072241 -58.123719
48.813138 -56.541619
47.928622 -55.747991
49.976055 -56.044652
47.585134 -54.425632
47.183494 -53.449784
48.968208 -58.041939
47.520641 -52.807682
49.451893 -53.959540
48.398735 -53.894138
56.541682 -61.696888
47.590589 -53.542832
47.908721 -53.358879
49.121062 -53.598888
49.792846 -55.860489
47.565048 -53.670348
49.087924 -55.266893
53.525511 -60.142970
49.168764 -55.384703
48.095810 -52.993096
53.854193 -56.988363
49.989963 -55.877482
47.530660 -52.887399
53.416667 -57.233333
49.013040 -57.589375
49.124982 -55.336304
47.469784 -52.705178
47.242147 -53.963308
48.516165 -53.482722
49.336850 -55.398961
47.682017 -55.433204
50.702911 -57.351117
48.539371 -58.776848
47.572115 -59.136429
48.350407 -54.172360
52.543309 -56.300187
48.392113 -53.325851
50.648957 -57.287479
48.497743 -53.084885
47.573435 -52.858294
54.908203 -59.772490
47.764114 -52.765097
48.416645 -53.592286
51.557463 -55.730362
47.519269 -57.395017
51.733482 -56.422167
51.016667 -57.016667
47.637478 -55.212979
54.179922 -58.428833
50.529397 -57.389760
49.485487 -55.819167
49.590482 -57.915153
50.870492 -56.121810
47.617938 -58.688092
47.354595 -54.915129
47.783261 -53.174014
48.688988 -53.635123
47.482650 -56.063386
49.615394 -54.173329
47.835256 -53.098928
49.428658 -56.085426
47.538973 -53.270239
47.713423 -53.969233
47.612850 -53.279425
53.513703 -55.790577
49.497490 -56.072997
47.861977 -55.837684
51.370416 -55.595865
47.524386 -54.909965
48.865083 -53.658559
46.919953 -54.172268
48.428190 -58.481263
47.451846 -55.561056
47.561510 -52.712577
46.925167 -55.395229
52.369201 -55.684514
51.520436 -55.460988
46.911575 -53.576179
46.764713 -53.592405
48.951189 -57.833766
48.547972 -58.581535
48.528000 -58.446764
49.484737 -54.780735
48.987427 -57.956601
47.860088 -53.923264
48.525265 -53.965517
47.661413 -54.701935
47.658078 -52.735524
46.736116 -53.360278
49.521820 -55.610744
49.471061 -58.126798
49.648695 -54.762267
47.650236 -53.207442
47.767439 -53.241195
47.643855 -52.947240
52.900428 -66.865529
49.149432 -53.551344
47.883333 -53.083333
49.785143 -56.636762
47.418354 -53.532743
47.954249 -53.330693
47.282668 -52.832504
49.502729 -57.916273
68.219916 -135.007788
62.823015 -115.988308
60.556992 -116.139932
66.255676 -128.634021
60.239574 -123.473316
67.436445 -134.880755
61.357624 -117.660654
61.862798 -121.353033
60.005520 -111.884938
60.816218 -115.785365
68.360744 -133.723018
61.532927 -120.634679
60.932498 -117.421123
67.825231 -115.096550
61.033465 -123.383365
65.281494 -126.828652
62.823015 -115.988308
64.112195 -117.353985
60.440668 -121.244484
67.441817 -133.742915
69.445358 -133.034181
63.221472 -123.454781
62.453972 -114.371789
45.336959 -64.783120
45.816667 -64.216721
44.742226 -65.515822
45.622660 -61.992803
43.347379 -66.494357
45.513731 -61.011843
45.028156 -64.836432
46.099917 -60.754676
45.452052 -63.799913
44.572535 -65.641954
45.045233 -64.734689
44.492885 -64.109719
46.097766 -60.505490
46.166667 -60.566667
44.841836 -65.288351
44.372117 -64.520880
45.253751 -63.279552
45.160431 -64.428218
45.336285 -60.994442
45.731087 -62.691791
44.007110 -65.927795
44.366667 -64.750000
44.542116 -64.238880
46.624959 -61.014815
45.157067 -64.175311
43.450706 -65.651214
45.100423 -63.831699
45.616667 -63.933333
44.665206 -63.567743
45.437722 -63.458302
44.621529 -65.757553
46.898633 -60.470566
45.697139 -61.102317
46.012183 -60.384330
44.968526 -62.112937
44.966971 -63.506419
45.948514 -60.601152
44.279618 -66.317718
44.626762 -63.897270
45.835517 -60.141582
46.196919 -59.957004
45.182317 -61.652176
45.377973 -61.973030
46.550000 -61.033333
44.880300 -63.576101
45.955573 -60.790287
45.423647 -63.603294
44.971725 -64.934129
45.390607 -61.498963
44.648764 -63.575239
45.064094 -64.180935
45.588054 -61.792036
45.482823 -62.697507
44.642723 -64.051780
46.640830 -60.403964
46.230828 -61.304383
45.177896 -63.721297
45.076912 -64.494474
45.577614 -62.301302
44.489237 -63.550468
44.991690 -64.939406
45.615155 -60.766324
44.296324 -64.367571
44.831432 -62.975552
45.221471 -61.377005
44.665697 -63.393996
44.032977 -64.717678
43.699776 -65.113799
45.922135 -59.971312
45.606956 -61.062488
44.377005 -64.318835
46.072099 -61.391766
45.720586 -64.249560
44.449218 -64.382148
45.318037 -63.497486
46.332937 -61.096054
45.980573 -60.212696
45.261520 -62.040174
45.630256 -62.431969
44.187467 -66.162335
44.942628 -65.068772
45.607849 -61.612867
44.895188 -63.832112
45.611854 -61.391729
44.787241 -63.148104
44.545546 -64.728763
45.587170 -62.645119
44.737014 -64.456651
46.253055 -60.091802
45.295425 -63.748445
46.206481 -60.252380
45.736315 -63.867288
45.405659 -64.325887
44.493404 -63.912558
45.679332 -62.720603
45.107947 -61.726622
44.915488 -62.382464
45.407754 -64.549260
45.627647 -61.358554
46.015106 -61.528929
43.503605 -65.484572
43.981957 -66.147169
46.134880 -59.873289
43.927356 -64.848717
43.702506 -65.783999
45.850723 -63.660263
45.339873 -61.270086
45.690225 -64.377982
45.750264 -63.057849
44.294638 -64.327605
45.537307 -62.894461
44.265934 -66.130664
43.764358 -65.324023
45.140217 -61.979911
45.087964 -63.402000
45.594304 -64.248613
44.633333 -64.866667
45.648648 -64.059965
46.983333 -60.483333
45.656034 -60.875070
45.556777 -62.660390
45.137833 -63.349351
46.136790 -60.194224
44.807083 -62.691334
45.709205 -63.294187
45.565455 -62.548056
45.616847 -62.637626
45.365773 -63.286941
43.867647 -65.968754
45.137413 -62.950131
45.209438 -62.972313
45.813767 -63.473355
45.229847 -64.006503
44.753663 -63.567334
43.735176 -65.980349
45.560601 -62.711180
44.405769 -65.994040
45.975101 -61.121581
44.990286 -64.131036
45.091760 -64.359835
43.837458 -66.117382
61.107828 -94.062369
64.317604 -96.022001
69.116864 -105.059681
64.230375 -76.540963
63.346514 -90.736827
64.138834 -83.169897
68.635556 -95.849722
63.746693 -68.516967
62.808375 -92.085285
74.697299 -94.829729
62.242523 -92.601676
43.053042 -82.093326
49.879054 -81.571385
43.633909 -80.041322
44.063730 -77.006560
43.147028 -81.533769
43.850855 -79.020373
46.104703 -80.626336
44.172886 -78.085161
45.366114 -74.688885
45.549331 -74.903200
46.184951 -82.816947
44.153951 -79.869154
45.225565 -76.194060
42.838795 -81.896580
42.101378 -83.108698
43.217779 -79.987283
44.280472 -79.784842
44.752801 -78.088090
44.720484 -76.923818
43.537298 -80.167828
43.075855 -81.834067
50.296741 -89.058273
45.434745 -76.351847
43.832920 -80.537886
44.626533 -75.951138
48.759753 -91.618172
52.925885 -82.428892
43.669327 -81.017763
43.773398 -81.532687
44.006480 -79.450396
45.172130 -74.967192
42.772938 -80.982884
43.285472 -80.450784
44.051739 -80.927281
46.551674 -81.115029
43.403744 -80.668867
44.131005 -78.359058
45.016543 -79.615314
51.014597 -93.828916
44.022558 -78.148501
45.055857 -77.854881
44.389356 -79.690332
45.488207 -77.678805
48.647714 -93.984843
44.176016 -77.596994
46.927958 -84.605911
44.277038 -76.718292
43.560907 -81.696008
45.148750 -79.116371
45.735725 -76.863109
43.090642 -80.829374
43.157095 -79.476013
48.694918 -93.003010
49.600000 -87.950000
53.913244 -90.953380
44.429370 -79.153470
44.079162 -79.784315
42.293223 -82.711716
44.162759 -77.383231
42.881322 -81.087541
44.182191 -78.567211
43.966927 -79.354896
53.758588 -90.076390
43.120833 -79.804496
46.068211 -81.777690
47.299771 -82.103336
44.109525 -78.821724
42.338015 -81.999837
46.608743 -81.052442
46.184717 -82.953973
43.985536 -77.231028
43.736449 -81.429409
44.540457 -78.546369
43.874200 -79.730660
46.230977 -79.146953
44.283023 -79.894364
42.631357 -81.872451
45.435051 -75.158156
43.912604 -78.688019
45.038956 -79.307879
44.110986 -79.579427
44.114899 -79.562953
45.465818 -76.406965
43.731548 -79.762418
43.139387 -80.264425
44.600452 -79.203959
43.469173 -80.409416
44.387785 -78.382451
42.814509 -82.281787
43.271447 -80.657874
44.042260 -77.736883
43.033599 -82.252460
45.774835 -80.556459
44.589524 -75.684286
43.963161 -78.957107
42.862795 -80.839734
46.300273 -83.793474
43.744428 -81.249831
44.496402 -78.389118
43.103279 -80.429138
43.022015 -80.652114
45.619883 -79.408748
44.562810 -78.212114
43.325520 -79.799032
46.374258 -79.988533
45.299295 -76.721166
43.836337 -79.874484
43.836337 -79.874484
43.064753 -79.955075
46.222198 -79.366393
49.783333 -84.150000
44.409379 -78.831645
43.361621 -80.314428
44.438474 -78.775093
43.035712 -82.162315
44.308354 -77.797700
43.488137 -79.983806
44.350216 -79.038664
46.705973 -80.922368
42.802464 -81.455364
49.619645 -86.132748
44.995666 -78.014703
44.844744 -75.507321
44.196001 -81.245964
45.140603 -76.146546
45.045479 -78.698384
45.349066 -76.041322
46.700000 -81.550000
45.310705 -75.089365
43.782349 -79.700497
44.092296 -77.938805
51.705842 -91.847215
44.199670 -78.468722
42.950355 -79.855812
43.283910 -81.472204
46.015910 -77.452276
47.842328 -83.402611
47.809706 -79.997528
42.404803 -82.191038
44.371671 -80.854385
46.577569 -81.197965
44.302758 -81.096712
45.102294 -75.228789
43.656922 -79.360489
43.178352 -81.998774
42.935977 -82.416026
44.831678 -80.203564
43.972111 -79.130506
45.550852 -75.280351
45.550852 -75.280351
43.934535 -78.600034
43.523056 -79.631889
49.707828 -94.823048
43.969305 -80.978731
43.617280 -81.539395
48.128694 -89.428980
47.395330 -79.686082
45.627352 -76.882361
44.657784 -78.798565
43.959337 -78.167736
51.071425 -93.807250
49.065026 -81.029930
44.855786 -77.835430
44.005020 -77.888230
41.986065 -82.926412
44.066396 -78.210176
44.709942 -79.643778
44.500769 -80.216905
42.230538 -82.551955
43.798329 -79.507907
46.492976 -80.850903
48.616384 -80.931427
45.486219 -76.073418
49.806289 -84.143447
44.189418 -79.700740
43.570579 -79.610905
45.021276 -74.730345
42.884750 -82.450903
42.130822 -82.744737
43.910935 -78.788447
42.819063 -82.467939
43.299028 -81.548031
44.327238 -80.106186
45.219725 -75.153922
42.870456 -79.058898
45.517134 -75.406029
43.346885 -81.635446
46.097663 -77.493340
45.056331 -78.077904
42.293813 -82.622239
42.566093 -81.877067
42.852697 -80.499195
44.608559 -76.122982
45.139784 -77.274719
46.344506 -83.922436
44.195399 -77.048733
46.252071 -78.286605
48.619120 -93.672267
46.130248 -80.028651
42.985215 -81.049127
48.811581 -88.636467
45.244430 -78.893944
45.508593 -76.938432
42.974767 -79.025764
43.755065 -80.671354
42.589561 -82.183314
43.236909 -80.552149
49.780094 -92.836959
43.503900 -81.286602
48.348505 -84.550825
45.650098 -79.850694
44.167665 -80.393568
43.266509 -79.956868
43.854443 -81.599614
42.903537 -79.617004
44.451531 -78.642288
44.176325 -80.818501
42.663792 -81.502711
45.330991 -79.011499
45.163056 -81.339167
49.743373 -93.037766
49.793921 -93.195351
50.755839 -93.356520
47.711020 -79.823786
44.101064 -79.441781
43.691201 -79.341664
42.987657 -80.597466
46.484992 -84.070056
45.539935 -77.101079
42.664587 -80.987107
44.589524 -75.684286
47.730696 -80.330926
46.386179 -82.650941
43.600407 -80.562985
44.583630 -79.866075
43.683715 -80.430543
43.155657 -80.901063
45.275646 -75.275411
42.296521 -82.750991
48.632219 -93.835025
45.529018 -79.317096
47.824236 -79.873828
34.060622 -117.577674
43.775802 -80.068710
46.265718 -81.771057
42.172698 -82.818899
46.311110 -80.798356
43.620495 -79.513198
44.303406 -80.516550
43.347276 -81.480565
49.287867 -81.941865
44.537020 -78.736133
43.024071 -79.362298
43.705952 -80.377834
44.337215 -80.377560
46.523533 -80.024271
45.143030 -75.085436
42.712527 -81.310902
42.881550 -79.903815
43.333407 -80.084333
48.728872 -92.095587
44.261851 -80.550416
45.313983 -79.982185
48.243889 -82.439722
43.093452 -82.002563
52.306361 -81.727672
42.901776 -78.972174
48.609949 -93.395528
51.556199 -87.901846
55.990670 -87.633003
48.352820 -89.266319
44.249509 -77.436169
45.437767 -77.306165
44.201281 -77.595980
43.397796 -80.036428
46.002134 -80.515833
43.361621 -80.314428
44.330618 -76.161864
44.057045 -78.403786
46.583000 -84.036795
46.554690 -80.861431
43.650205 -79.903624
44.296296 -79.436232
49.725142 -86.949518
44.816667 -77.616667
45.359094 -74.504056
48.548335 -89.785088
43.667983 -79.927008
42.747260 -81.709453
45.447342 -75.594287
43.742835 -81.713894
47.674490 -81.723429
45.573652 -77.359582
44.906384 -78.379801
45.911402 -82.459778
43.941805 -79.379186
43.870091 -81.108924
46.720829 -84.381479
47.650000 -80.766667
43.992634 -78.023383
43.313040 -81.756224
43.937737 -80.388133
43.217971 -81.301368
50.150557 -94.012915
44.919643 -79.374183
43.333407 -80.084333
43.194213 -79.562419
43.544805 -80.248167
49.800908 -89.105937
42.959890 -80.052286
47.503664 -79.697881
42.927685 -79.876197
45.046713 -78.508494
43.646987 -80.017663
43.255721 -79.871102
43.970412 -78.744703
46.652064 -80.946308
44.152600 -81.025415
42.908852 -81.002290
43.913458 -80.871515
42.035559 -82.918148
44.404083 -76.665527
44.309585 -77.956760
44.434400 -77.885246
48.079607 -84.549258
45.607126 -74.604189
49.688018 -83.666955
48.683333 -85.983333
43.434418 -81.503892
45.977770 -80.554183
44.633772 -81.133302
43.424376 -80.301811
43.239541 -80.801713
42.502543 -81.818457
43.792401 -80.144882
44.099861 -79.487423
44.059790 -80.759822
44.871071 -79.817106
49.212219 -84.771444
47.530958 -79.844843
45.289190 -79.812492
45.326932 -79.216754
49.415946 -91.658744
43.079201 -81.381783
43.038163 -80.884049
44.998884 -74.989799
43.210134 -80.696566
44.300881 -79.611497
44.388594 -76.473234
42.818042 -81.982497
46.278530 -83.222592
44.848697 -75.316198
48.767981 -80.673166
49.783661 -94.442702
42.884898 -80.110700
44.845591 -75.810587
49.685930 -87.530082
45.266404 -75.744094
44.744413 -75.465761
43.144766 -79.368746
48.532740 -89.585111
48.583154 -81.630787
45.308819 -75.898684
49.380268 -82.400129
53.530833 -88.607778
52.291519 -81.640698
45.556352 -79.223561
44.240474 -78.161845
49.758640 -94.556584
45.016388 -75.645947
49.767042 -94.489392
42.384713 -82.095767
42.944921 -81.743749
44.226689 -79.453512
45.554971 -77.416351
45.971914 -81.511497
44.275934 -81.559643
43.928690 -79.528143
53.029673 -89.844905
44.231172 -76.485954
42.036284 -82.738981
44.781668 -78.651497
43.138973 -81.030187
44.563164 -78.979981
48.149717 -80.031517
43.324180 -81.313519
43.451639 -80.492534
43.838502 -79.623541
45.619268 -74.692812
48.344400 -92.120800
50.332085 -92.481993
44.750000 -80.066667
44.548663 -79.208401
44.422788 -78.354093
42.909630 -81.300187
45.018124 -76.365181
45.143726 -74.502708
42.741924 -80.577671
44.405756 -76.018262
52.219467 -87.891227
48.097730 -79.715208
42.235541 -83.102477
47.329887 -79.811053
42.053163 -82.599887
44.263295 -79.549566
46.640572 -81.388351
43.139227 -79.484900
44.356574 -78.740754
43.581508 -80.728444
44.987148 -81.254608
43.733416 -80.951470
44.285482 -78.859771
45.731309 -81.383599
46.436556 -81.146575
44.824694 -76.089865
42.984923 -81.245277
49.781666 -86.534706
49.792351 -86.562624
42.579197 -80.430945
45.030398 -74.890559
49.781666 -86.534706
42.603779 -81.606653
43.215177 -81.361940
43.963399 -81.513010
44.577331 -75.784115
43.229699 -80.144761
45.827773 -82.161267
44.836685 -76.541353
49.436801 -88.129213
45.139273 -79.771827
44.505229 -77.472636
51.014597 -93.828916
45.665241 -79.643979
42.209455 -82.887676
44.636169 -75.611856
44.514161 -75.877367
43.721030 -79.641970
49.125863 -85.828815
45.737315 -81.813685
45.227493 -75.722931
43.851762 -79.527284
48.716744 -86.382196
44.318679 -80.647883
43.856100 -79.337019
46.454695 -80.416450
44.482947 -77.682106
51.629799 -85.945192
46.733319 -79.801731
45.154592 -74.710634
46.212565 -82.077616
47.939202 -80.647396
48.532885 -80.464117
46.317480 -78.702193
49.624396 -83.374085
45.288675 -74.854544
45.222164 -77.897373
44.958169 -76.525914
42.146974 -82.967186
45.471207 -79.849702
44.605944 -80.593687
42.815939 -81.553470
42.240958 -82.233038
44.845591 -75.810587
45.234041 -75.471828
44.749516 -79.892192
44.042402 -81.118980
45.075669 -79.478278
44.150550 -78.448868
44.197228 -76.752527
43.518299 -79.877404
43.565810 -80.922165
49.980742 -94.671689
45.732413 -82.167311
44.927177 -78.725375
48.766920 -92.616946
48.316667 -84.083333
43.589045 -79.644120
43.467803 -81.196866
44.190639 -77.160020
43.586980 -81.081894
49.343157 -82.154133
44.655290 -79.663757
42.841847 -82.461736
45.261025 -74.970139
51.262486 -80.592965
51.273089 -80.640049
44.897789 -75.183397
49.097745 -94.315207
44.136076 -79.308339
42.909684 -81.495860
43.981093 -80.735865
43.154818 -79.915294
43.681467 -79.813770
45.184112 -79.408465
44.992231 -79.297833
53.386598 -91.812052
43.112012 -81.557157
51.253775 -85.323214
49.681330 -86.943759
42.809070 -80.082283
44.214838 -76.964306
45.421034 -75.426725
45.334905 -75.724101
44.629848 -77.999120
49.111040 -93.926180
44.078197 -81.001548
43.349668 -80.533184
43.379459 -80.711106
47.503664 -79.697881
44.152930 -79.868586
44.325776 -76.877355
43.917773 -78.587485
44.059187 -79.461256
43.938858 -78.492584
43.089558 -79.084944
43.254999 -79.077262
46.488678 -80.847227
49.015735 -88.268316
46.322823 -79.874082
45.411675 -80.085481
43.902189 -79.652700
46.129265 -80.425385
44.761373 -75.738901
46.309115 -79.460820
45.131485 -75.716133
52.506859 -93.023709
43.761538 -79.411079
44.733333 -77.166667
43.646817 -79.858688
42.987657 -80.597466
44.382419 -77.979918
43.950219 -79.456001
43.467517 -79.687666
44.332961 -78.879932
49.058331 -84.102960
44.277038 -76.718292
51.629799 -85.945192
43.070720 -80.118727
42.783789 -82.119481
44.186636 -78.216283
42.570200 -82.507759
44.299023 -78.556891
46.603327 -81.366326
42.816914 -81.404737
49.529882 -82.877021
46.457440 -83.731478
43.919979 -80.094311
44.608246 -79.419678
45.455802 -75.504733
44.562051 -79.592035
43.977220 -78.616802
45.380678 -79.777863
45.148255 -75.601778
43.897093 -78.865791
45.421530 -75.697193
42.926483 -80.603382
44.569030 -80.940560
49.815079 -93.003948
44.966487 -75.680400
44.306221 -81.272979
45.333032 -76.290434
43.946235 -79.830568
45.316667 -77.516667
43.834314 -80.848269
42.176380 -82.964381
44.656164 -76.716658
43.194020 -80.384500
43.162270 -81.684218
45.347392 -80.034783
48.563478 -88.720020
54.993894 -85.427741
44.314686 -79.202733
41.774489 -82.659147
43.037222 -79.328764
45.826651 -77.110883
44.768768 -79.933681
50.343502 -93.149968
44.898810 -76.248559
45.898263 -77.282877
44.309058 -78.319747
42.881838 -82.144434
43.838412 -79.086758
51.467825 -90.193782
44.007313 -77.142369
51.804240 -93.992708
47.516667 -83.616667
45.549331 -74.903200
43.303254 -80.621570
42.217173 -82.801463
44.962282 -76.983946
46.072360 -81.180349
41.966351 -82.531254
45.596550 -80.384546
42.647804 -80.800320
45.116674 -79.575376
42.886520 -79.250856
43.551615 -79.585628
45.266667 -79.033333
42.786522 -80.203278
44.434052 -81.392941
43.224065 -81.890301
43.949178 -78.293447
42.656755 -82.506379
45.915513 -79.984603
44.746283 -79.807644
44.105045 -78.944148
43.039147 -79.209839
42.623579 -80.450149
42.664135 -81.215633
45.213191 -79.275791
44.695047 -76.192947
46.080724 -79.368324
44.709294 -75.518972
43.397381 -80.351128
43.170045 -80.526716
42.299358 -82.779687
43.164224 -79.057240
44.140264 -79.453227
48.630181 -93.359425
48.721662 -94.569525
48.821715 -89.920547
48.429199 -80.329742
46.584251 -81.199057
51.014597 -93.828916
48.945248 -88.259433
46.386305 -79.256966
49.974483 -94.390931
45.474920 -76.687719
46.026860 -79.719627
45.194363 -75.838828
43.882840 -79.440281
42.439200 -81.887149
42.883614 -79.057431
44.068001 -81.584319
45.548373 -75.291612
43.618870 -80.144189
42.567758 -81.682118
46.166667 -77.700000
42.317360 -81.847097
44.192768 -78.057677
45.262194 -79.643592
45.259265 -75.357609
42.053675 -82.671930
53.874096 -92.170359
42.322562 -82.855473
43.691248 -80.448756
42.296387 -83.069870
44.352847 -79.554163
53.063427 -93.329405
48.768883 -91.329727
42.974536 -82.406590
44.629602 -81.265082
44.512926 -81.328664
46.513649 -84.335753
50.237487 -90.700700
43.776426 -79.231752
44.000873 -79.683147
48.809961 -87.267758
43.025259 -80.375168
43.553435 -81.393405
46.778645 -84.051335
44.696401 -79.171753
43.407449 -81.063256
44.481222 -76.239785
44.299502 -76.982521
42.833673 -79.931837
46.200929 -82.462173
44.766667 -79.333333
43.369623 -80.837023
44.194916 -77.227432
44.769496 -76.689392
45.513804 -80.273565
48.633333 -90.066667
42.739472 -81.345318
44.079119 -80.201173
45.857854 -82.855147
42.837263 -80.304042
50.097832 -91.922038
49.111040 -93.926180
43.072086 -80.114515
44.903748 -76.021619
43.095654 -79.549423
49.275342 -81.620887
43.736416 -79.822157
42.713673 -82.478398
44.986308 -75.448092
45.841038 -79.379573
44.494854 -81.369564
46.194796 -82.342278
42.702461 -81.078794
44.843305 -75.546362
45.490145 -79.462266
43.159374 -79.246863
46.362467 -80.416705
43.523095 -80.652038
43.160324 -79.104043
43.245416 -80.253270
45.388496 -74.907358
43.540121 -80.553523
43.259587 -81.140653
42.988905 -81.230769
42.777721 -81.182653
44.418412 -80.095730
45.499651 -74.466780
42.943175 -79.055123
43.631881 -79.929863
44.360297 -77.592134
45.000000 -81.366667
43.227218 -79.719559
42.314445 -82.553739
43.969934 -79.247934
42.748699 -80.777860
43.370001 -80.982229
42.955420 -81.623233
48.677588 -94.164145
43.587679 -79.720356
44.324416 -79.619270
46.367948 -79.924730
46.522099 -80.953035
47.593853 -82.756869
52.798679 -88.461808
44.262830 -79.066313
45.769031 -79.396387
44.309377 -79.360636
48.107850 -80.103971
44.407335 -76.600563
44.487745 -76.995190
44.482022 -81.146782
43.247006 -80.787941
44.339239 -78.850855
42.311797 -82.885759
44.000708 -81.287688
47.064496 -79.790938
48.783999 -87.096626
43.057888 -80.999479
42.553458 -81.976163
51.556199 -87.901846
43.165434 -81.854665
46.255953 -83.556368
44.561790 -80.452939
43.102956 -81.139007
46.700633 -79.102339
43.807967 -79.459138
43.123609 -79.198930
48.380895 -89.247682
44.175168 -77.304470
42.264397 -82.429231
42.865888 -80.733317
48.475821 -81.330495
44.267658 -81.543323
45.253363 -81.664541
44.740179 -75.995253
43.653226 -79.383184
43.628947 -79.394420
44.022484 -79.805595
44.101126 -77.576313
45.986895 -79.359553
43.738685 -81.021471
44.474728 -77.310249
44.257780 -79.184036
43.217351 -81.069587
43.865533 -79.310686
49.066667 -90.491667
45.211060 -79.329265
44.109403 -79.120500
46.669339 -80.999457
45.437085 -75.658968
45.519651 -74.652202
43.837208 -79.508276
49.860599 -93.390113
46.410175 -80.123071
44.481157 -76.693785
44.596151 -78.939262
43.151355 -79.392770
48.133333 -79.583333
49.721804 -92.603813
42.923366 -79.375756
46.352896 -81.333880
44.131300 -81.150718
42.592644 -82.388253
53.844722 -89.530000
42.655559 -81.755402
44.201975 -77.887065
46.454695 -80.416450
44.520742 -80.016067
43.324710 -79.903037
42.931606 -80.289583
43.464258 -80.520410
43.004886 -81.909826
44.753694 -79.712126
47.992417 -84.771059
46.269929 -81.883761
52.961543 -87.298289
43.974287 -78.342331
42.992158 -79.248256
43.004923 -79.481912
43.532206 -80.765780
43.951752 -77.349643
45.116667 -78.600000
43.049019 -79.605288
42.603779 -81.606653
45.819764 -76.890234
44.677676 -76.399666
47.418704 -81.546576
42.095061 -82.462950
43.897545 -78.942933
43.970586 -79.244284
48.593953 -85.274809
46.377998 -81.316462
46.112608 -81.729835
45.492854 -78.237555
44.741973 -81.140834
45.803647 -81.721490
45.036788 -78.222647
44.974927 -75.243716
45.073258 -75.363079
45.166667 -79.550000
42.314937 -83.036363
43.887948 -81.311660
43.207960 -79.650916
43.776175 -79.609243
43.131497 -80.747165
44.397357 -78.992916
44.157330 -77.700578
52.932984 -89.298434
42.979726 -82.118004
44.371583 -76.770275
43.695679 -79.450354
43.421479 -81.625666
46.813129 -64.064827
46.336776 -63.724720
46.253763 -63.692162
46.233687 -62.621785
46.238240 -63.131070
46.229498 -63.216991
46.392333 -63.121015
46.239894 -63.500275
46.450000 -62.000000
46.094521 -62.887698
46.184372 -62.533553
46.354948 -63.348980
46.436893 -63.637351
46.165066 -62.648021
46.415989 -62.705970
46.365801 -62.866859
46.013725 -62.610740
46.216944 -63.294338
46.464671 -63.511135
46.707057 -64.226944
46.458275 -63.313193
46.354980 -62.251834
46.422976 -62.049479
46.417445 -62.581033
46.215926 -63.088610
46.393378 -63.790233
46.950485 -64.033041
46.576465 -63.929067
46.197915 -62.835566
46.453829 -63.999530
45.040781 -72.664257
45.647054 -72.565063
45.280156 -72.785429
50.224330 -62.086335
48.884292 -72.440636
48.550461 -71.652770
48.342983 -70.995273
48.565020 -78.112521
48.464605 -67.431192
47.549061 -79.237161
45.615958 -73.569351
48.114142 -70.364405
46.749405 -70.589310
45.965807 -74.617217
45.774103 -71.936720
45.449633 -71.766551
48.641743 -72.353321
46.165182 -72.234055
45.167873 -72.039167
45.394509 -75.843960
48.336971 -70.999594
49.221297 -68.150394
45.416456 -73.916080
46.540309 -72.767944
48.847513 -67.947512
46.138194 -72.720917
50.338466 -62.745802
48.099743 -69.722283
47.442406 -70.504084
49.419816 -67.304595
48.618278 -64.275145
45.999801 -74.582451
48.437691 -77.637239
46.501378 -72.264263
45.430931 -73.868283
49.039337 -79.239488
46.224514 -70.783659
45.315082 -73.877903
45.833360 -71.385934
46.829489 -71.027959
46.861556 -71.188677
47.048736 -70.887625
46.350622 -72.435055
45.121111 -72.987447
46.001605 -74.214854
45.791656 -74.067332
47.390926 -78.703283
45.567925 -73.203947
48.243511 -69.545191
46.083474 -73.184759
48.940766 -68.642315
47.936031 -68.605584
45.583687 -71.575590
46.048631 -71.368499
45.668896 -73.872875
51.426445 -57.131315
45.612634 -73.838373
46.896612 -71.135413
45.666742 -73.756702
48.071434 -65.452895
51.516953 -57.807953
45.591370 -73.436410
46.202502 -75.897091
46.656772 -71.241869
45.254625 -72.800918
45.194051 -72.571504
45.285248 -72.687242
45.479854 -71.961817
45.451436 -73.461910
45.676447 -74.404499
45.678566 -76.621349
45.586409 -75.416865
45.510797 -71.442106
47.674838 -68.880465
47.916426 -69.501040
46.830061 -71.275475
45.648019 -74.645628
45.733737 -76.597248
45.383934 -73.517445
45.566176 -75.782459
47.662662 -70.110268
47.377738 -61.871355
49.094066 -66.685739
46.362252 -72.506710
48.865149 -64.210583
48.121145 -65.672977
46.765975 -71.355392
47.036375 -70.460380
45.459320 -73.306814
45.567668 -74.375957
48.178126 -66.166620
48.366602 -67.244503
45.439163 -73.290246
48.429054 -72.062239
46.440909 -72.345099
48.349494 -64.676977
49.782210 -74.852480
45.911178 -77.074679
46.444886 -72.915934
45.724915 -73.491324
46.899729 -71.286475
47.630422 -70.648207
46.714636 -71.260452
45.320315 -71.236417
45.360159 -73.749403
46.969606 -71.017573
45.540174 -75.867482
45.921349 -75.005358
45.962879 -71.821636
50.466658 -59.620060
49.913229 -74.369199
48.351673 -71.138514
53.782646 -78.893721
45.545096 -73.762375
49.126415 -68.393972
50.417204 -71.809160
48.365167 -78.866458
47.691085 -70.220105
49.174623 -64.915656
48.109475 -75.360530
45.133686 -71.803946
48.864458 -68.853792
45.220702 -71.800969
45.865410 -73.241283
45.413097 -71.626287
45.291626 -74.174682
45.468050 -73.672946
47.714588 -70.050081
45.873781 -70.984089
45.206293 -72.747141
45.963160 -73.472635
45.784995 -72.014506
46.205032 -72.136671
45.342195 -72.041642
47.535981 -68.587548
48.602043 -71.624341
45.371616 -73.542653
48.417732 -71.948961
46.557260 -72.113216
45.541805 -73.893211
45.904693 -71.359874
48.881683 -72.232114
45.489564 -73.820557
46.675566 -71.734894
45.450321 -73.750049
45.880291 -72.484282
48.145257 -77.945009
45.134691 -72.799976
48.502940 -79.228512
48.852946 -79.356637
45.599573 -73.668778
45.482689 -71.659962
46.221132 -71.079953
45.238372 -72.773857
45.069474 -71.529972
52.233724 -78.517759
45.301296 -72.315042
46.134124 -74.005791
46.051044 -74.028425
48.239142 -79.128396
47.199652 -79.366541
45.576581 -73.810716
48.620865 -71.111136
45.283132 -72.974807
45.644312 -74.869133
48.189898 -70.796795
46.814345 -75.612445
52.795396 -67.084267
45.409496 -71.849187
48.739175 -69.087641
45.841537 -76.738355
46.488187 -72.026323
46.887908 -71.605350
46.460032 -70.806367
45.029372 -73.923732
45.055473 -72.837506
47.397512 -79.199853
48.831635 -64.486902
45.476545 -75.701272
46.402735 -72.274846
49.007459 -72.558141
49.324423 -67.599931
46.092720 -76.053301
45.403229 -72.734066
47.553866 -61.547364
48.395868 -64.491264
48.243511 -69.545191
46.687345 -72.725537
49.224592 -65.133466
46.616225 -72.687333
46.691422 -75.888049
45.485358 -73.478654
45.626441 -74.591066
47.464132 -79.438149
45.485471 -73.706514
45.901008 -71.647989
45.481376 -73.648424
50.500000 -59.483333
47.234160 -61.846132
47.460025 -61.757172
50.241814 -63.598569
48.335796 -71.660938
48.448201 -71.663569
45.058073 -73.601252
45.134183 -73.210254
45.186695 -73.848924
45.458544 -74.140665
45.428731 -75.713366
45.086720 -74.174698
45.307976 -73.229249
47.397082 -70.365419
47.387786 -61.901277
58.455121 -78.105103
46.267059 -71.497814
46.014012 -73.417796
48.423604 -71.239546
49.458027 -78.305858
58.710155 -65.995116
60.023415 -70.026235
52.939916 -73.549136
45.951636 -76.021269
45.586906 -72.140005
45.860677 -72.071283
45.456041 -73.862334
45.234639 -72.610533
58.102996 -68.418839
45.319327 -73.353087
46.806309 -71.357009
46.954092 -71.133108
46.409967 -74.870320
45.851990 -73.412398
45.763459 -72.303687
45.846967 -73.492477
45.139909 -73.280222
45.494889 -73.890756
45.431300 -74.021900
47.272517 -61.706782
45.432440 -73.742947
45.393320 -73.955148
48.016862 -69.333659
47.103092 -70.350007
48.338271 -70.882574
48.360381 -77.878969
48.713647 -72.649283
53.839305 -78.988631
45.960839 -70.937024
47.656968 -70.152187
49.205380 -66.165891
46.181769 -74.984860
45.401858 -71.249643
45.790605 -73.764663
47.364876 -70.033674
45.415900 -73.483002
48.865604 -79.501200
50.218755 -60.671085
48.805266 -79.202857
47.438341 -72.783931
46.280090 -74.733595
48.333197 -71.381197
48.421384 -67.346471
46.899346 -72.449336
48.165251 -72.130265
45.234639 -72.610533
46.964509 -71.396145
46.556399 -75.364072
45.720353 -70.847181
46.268525 -75.495498
47.630175 -72.357543
46.399210 -70.505457
46.696454 -70.001088
45.716147 -73.547104
45.441347 -73.688585
45.652059 -74.339802
45.081979 -73.372864
46.098743 -70.816002
46.498664 -75.144283
46.855736 -71.733099
46.938239 -71.637084
45.816924 -74.005998
45.561680 -70.909761
45.840660 -71.089080
45.958702 -73.219670
45.430627 -73.634801
48.309201 -71.108722
47.427232 -79.032717
46.618162 -75.018149
46.539268 -71.632014
46.297399 -71.659518
45.606649 -73.712409
45.554592 -73.708410
45.538097 -73.871530
45.878171 -73.284883
47.438638 -79.271274
45.422818 -72.341529
48.375643 -68.695243
45.753152 -73.470288
49.052874 -76.981467
46.571296 -71.998774
45.498649 -73.492729
45.367727 -71.856364
45.344413 -73.805918
48.683303 -67.964236
45.309504 -74.059078
45.259303 -74.206729
47.478701 -70.323568
48.347766 -69.405735
48.998648 -66.980884
46.738227 -71.246459
45.536944 -73.510713
46.871244 -71.385439
45.670359 -73.788845
47.354449 -79.352103
46.255994 -72.943221
51.412024 -57.203117
48.075512 -77.378823
45.845923 -75.997703
48.528875 -68.346627
45.540070 -76.022836
46.408249 -71.631066
48.788354 -78.997001
45.266486 -72.147989
48.136619 -78.127087
50.631966 -68.728166
46.377517 -75.964752
47.211945 -74.385797
46.368040 -72.002119
45.049737 -72.391992
45.318810 -73.843440
48.175264 -65.986496
45.432629 -73.160204
49.214738 -66.067703
45.777337 -73.632393
46.228109 -73.016475
45.543454 -75.419170
45.911798 -72.928225
46.576609 -73.276052
49.758851 -77.625829
48.844516 -67.530576
47.984420 -66.970827
45.548874 -73.223393
45.598760 -72.215790
52.939916 -73.549136
45.316382 -73.933008
45.311465 -73.743229
48.431371 -71.866939
48.666551 -68.015352
45.651896 -74.090170
50.418441 -73.873727
50.191194 -66.100062
48.832715 -64.542329
47.075353 -70.904903
45.651949 -74.940872
48.585614 -68.190099
46.550413 -75.496031
49.229456 -65.730698
46.980103 -70.556572
45.501689 -73.567256
45.632000 -73.506698
45.589237 -73.629343
45.452484 -73.647513
45.940549 -74.119823
45.512582 -73.646831
45.564042 -73.179013
49.222210 -65.807059
46.118462 -74.596185
45.903826 -74.245745
48.959142 -65.494973
50.772916 -59.028645
45.634764 -71.021423
45.186486 -73.405115
50.194501 -61.831508
47.786013 -79.369485
46.696840 -71.591027
48.009723 -65.333814
45.833594 -73.881644
48.162118 -65.856769
45.410659 -71.425838
46.227406 -72.619174
46.106797 -71.819207
48.836864 -72.527861
48.998762 -79.365243
45.274509 -71.973940
45.700000 -74.866667
45.377973 -73.930391
46.099225 -73.427758
46.911911 -71.340408
46.053713 -73.421400
47.763029 -69.609578
45.813470 -74.997310
45.765729 -75.584528
45.175392 -73.038018
46.003241 -72.340509
47.613461 -68.800229
46.143549 -75.586340
47.592963 -79.487499
48.136864 -66.312073
45.465144 -74.079868
45.290452 -72.112479
45.363342 -72.202098
45.093449 -73.976428
45.544894 -73.201045
45.514286 -73.609011
48.676851 -79.212462
45.619284 -75.019098
47.920763 -74.623570
48.524444 -64.212680
48.766536 -72.053370
45.600786 -75.620691
47.307743 -70.568109
45.039150 -73.074646
45.461014 -73.890360
46.069539 -72.809362
45.366389 -73.984621
46.758909 -71.107028
45.607095 -75.114274
46.219446 -71.771379
47.460897 -69.224318
45.641666 -73.500401
48.020619 -66.696973
48.501906 -68.459229
49.043044 -68.417977
45.498507 -73.969932
45.471966 -73.799019
45.329780 -73.969090
49.319755 -67.386443
45.560270 -74.378183
49.159615 -68.199148
45.542346 -76.109052
46.756238 -71.698432
45.570336 -73.692033
45.593286 -76.660131
50.021252 -66.876003
48.116636 -64.959952
49.818815 -64.352681
46.698453 -71.891001
55.274570 -77.763784
45.865674 -74.072100
48.602243 -68.125149
46.166991 -71.875577
60.037118 -77.269230
46.813878 -71.207981
45.520135 -76.235945
53.792039 -77.616743
46.065488 -73.734059
47.760222 -79.209074
45.753285 -73.440081
48.286145 -68.337198
47.221412 -76.727443
48.650215 -67.271827
45.440421 -73.245988
45.665822 -72.147921
45.483074 -74.282199
48.438980 -68.534970
48.468602 -68.489675
45.785864 -75.098867
46.984212 -72.179869
48.992241 -64.383984
50.275192 -64.768603
45.236337 -74.338685
47.350835 -69.008764
47.835957 -69.535985
48.238021 -78.215850
50.304648 -64.429545
46.141630 -71.214992
48.518763 -72.221999
48.675275 -77.501241
45.373143 -71.984832
47.913100 -79.244796
45.638974 -73.785008
45.437003 -73.051639
48.234236 -79.018784
45.505265 -73.803304
45.575046 -72.526083
45.477555 -72.662633
45.212117 -73.216711
48.251950 -69.865497
45.322932 -73.063614
45.329025 -72.814825
45.656377 -73.300448
45.771305 -73.979301
45.787746 -73.166547
47.760465 -69.477056
47.431503 -69.435462
45.950000 -73.850000
46.048522 -73.462668
45.667560 -73.156986
46.022766 -71.871378
45.739995 -74.137855
45.457751 -72.080271
45.785629 -73.158231
45.910389 -73.675830
45.228112 -73.912099
46.633064 -71.308404
46.002472 -72.856574
45.300096 -73.681256
45.520581 -73.123861
46.921356 -70.889716
47.062189 -70.824331
46.826118 -71.165081
46.861062 -71.005298
45.399813 -74.137765
45.852443 -73.757239
45.677461 -73.195545
45.475209 -73.232642
45.605068 -73.247853
45.309425 -73.546027
46.471499 -72.537555
46.106797 -71.819207
45.980341 -73.447305
45.356944 -73.476728
46.887785 -71.075059
45.972341 -72.999997
45.858133 -73.593482
45.889645 -73.156197
45.825316 -73.359313
46.012017 -73.349987
45.219570 -73.737417
46.064430 -72.095648
45.948918 -73.088533
45.949931 -73.645868
52.939916 -73.549136
46.318202 -74.266160
45.390371 -73.108360
46.076208 -73.017594
45.322932 -73.063614
45.492567 -72.775418
45.535950 -73.806965
46.972965 -70.962875
45.924309 -73.505090
46.386823 -72.477129
45.820619 -73.930094
45.639718 -73.843910
52.939916 -73.549136
45.394999 -72.010004
46.135077 -71.589165
46.816634 -71.207423
45.498332 -73.406507
45.630688 -72.956339
46.668799 -73.957294
45.250091 -74.133086
62.145067 -75.568345
47.895833 -73.794444
48.550157 -69.248703
45.337957 -71.567396
48.563665 -67.686688
54.824559 -66.817479
45.525440 -71.275658
48.390597 -77.241167
45.441342 -73.954872
50.213297 -66.375792
45.865674 -74.072100
46.561856 -72.743525
46.518765 -72.743531
45.603663 -76.491464
45.345273 -72.571197
45.404172 -71.892911
48.095152 -65.074030
48.466355 -71.265111
46.765975 -71.355392
46.042825 -73.112302
47.881070 -68.723331
48.439570 -71.065103
46.756352 -71.823565
46.498481 -71.136574
46.051964 -70.514870
46.460032 -70.806367
48.294074 -68.866898
46.135077 -71.589165
47.737241 -69.994983
48.423124 -68.173431
45.836011 -70.597544
46.272244 -72.510935
46.669494 -71.052529
48.534482 -71.086687
46.472716 -70.609596
45.959509 -70.656301
48.527183 -67.822020
46.783423 -70.726202
45.151349 -73.133027
46.610908 -72.384543
46.074000 -73.890891
46.141996 -70.900291
45.622968 -73.651612
46.734472 -72.431511
45.941504 -74.370309
45.628301 -71.586155
46.563677 -71.435805
45.920709 -72.961811
46.001564 -72.088701
47.683306 -69.624978
47.989984 -67.046695
46.462296 -73.143502
46.181154 -73.720825
47.675948 -69.724848
45.704992 -75.055357
48.314750 -71.989353
45.572263 -74.298164
46.629744 -70.969710
45.012615 -72.095768
46.814545 -71.202444
46.640423 -71.590690
46.613619 -71.512415
46.747041 -71.459344
46.397041 -72.861977
46.207631 -73.171436
45.521889 -73.285407
46.756490 -71.824832
45.216195 -73.307860
46.500103 -72.822335
45.525974 -73.340668
45.950000 -73.850000
46.655990 -72.140451
46.213625 -72.432438
45.410364 -73.002159
46.769348 -70.943256
45.102488 -73.760612
45.352707 -74.222332
45.379181 -73.564491
45.932847 -72.424601
45.502196 -73.027217
46.624062 -70.657932
45.785629 -73.158231
46.365418 -71.374708
46.322689 -72.520554
45.642255 -76.037240
46.601477 -70.865617
46.623610 -71.733480
46.300306 -72.273780
45.354199 -74.394007
45.253238 -73.797663
46.046437 -71.076236
46.146209 -72.517955
45.952109 -74.136029
46.048563 -74.281603
47.016164 -70.946506
48.355179 -68.449272
47.002378 -71.194212
45.395820 -73.565743
45.992799 -72.241842
46.566667 -71.833333
46.111885 -72.249200
49.045477 -67.358221
46.782996 -71.286070
45.478852 -73.871730
45.732186 -72.732757
46.558500 -70.983934
48.477313 -67.991467
45.592500 -73.342699
45.986107 -73.726225
46.407386 -70.353496
47.487763 -69.282283
46.748215 -70.075678
45.595281 -73.095677
46.027940 -74.063697
46.439028 -71.021318
45.404704 -74.273518
46.873691 -71.340360
45.947699 -74.911923
46.080952 -72.464782
46.853228 -71.136209
46.055456 -70.939049
46.059288 -70.953896
45.643932 -72.906416
45.609184 -73.777752
48.397240 -70.681343
46.428256 -72.109857
46.813268 -72.506860
45.639718 -73.843910
47.524517 -79.340479
45.558549 -73.896075
46.514431 -74.997711
45.948918 -73.088533
46.675289 -70.172722
48.651707 -72.448978
47.674968 -70.077583
46.513345 -71.595538
46.063784 -72.819094
48.451019 -70.905479
46.293621 -73.382494
48.495156 -71.775918
46.122918 -70.670352
46.002472 -72.856574
45.842475 -72.565723
46.272244 -72.510935
45.883963 -72.765606
47.570083 -70.421375
45.930979 -74.024760
45.950769 -70.802637
45.793850 -72.859787
47.522560 -70.155043
45.947989 -73.570514
46.719864 -71.194023
45.775357 -74.004948
46.309306 -70.876758
46.121404 -74.594424
45.772973 -72.988348
46.566945 -70.094257
45.492034 -73.504175
45.498564 -73.749757
46.332652 -72.957145
45.651079 -72.759032
45.852443 -73.757239
46.422241 -72.625481
45.361681 -73.297559
45.742012 -70.694253
46.578052 -70.301418
46.524282 -70.733015
45.198174 -71.497327
46.681729 -72.050091
46.046437 -71.076236
46.855427 -70.909573
48.527183 -67.822020
45.737607 -72.619431
46.695242 -71.385497
48.582362 -67.835020
46.366233 -70.684489
45.569049 -71.792751
47.030374 -71.393023
45.887639 -73.149939
47.395750 -69.961388
46.966966 -69.781838
47.525844 -69.804579
46.412214 -71.234315
45.437558 -72.887590
46.731057 -70.360329
46.417695 -73.013298
47.462893 -69.881970
45.502022 -72.902423
46.002556 -72.748233
46.009389 -73.461267
45.700297 -75.716443
46.499691 -72.201436
45.302816 -74.303242
48.593215 -72.335875
46.212839 -70.479045
45.780494 -71.281026
46.889337 -71.833844
45.433353 -74.383361
45.261499 -73.615863
48.711075 -67.279225
46.830476 -72.775508
46.758142 -71.240463
45.894072 -74.157934
47.844387 -69.877795
46.233245 -72.224051
46.363439 -71.226646
45.866084 -70.433177
45.651881 -72.989987
45.263398 -74.023898
46.728889 -72.571128
46.756321 -72.272510
45.316943 -72.415128
48.786938 -67.701976
47.598255 -70.581147
46.145363 -70.904050
46.165572 -72.324175
46.126209 -70.363952
46.566486 -73.796825
46.059798 -72.626340
45.242860 -74.245957
45.105894 -72.616665
48.145978 -69.712840
48.662499 -78.681487
58.697407 -69.937393
46.718235 -79.100120
45.391420 -73.993504
45.692982 -73.633110
50.702463 -59.322257
46.102833 -71.305552
45.597193 -75.243269
45.881160 -71.943945
48.500000 -71.000000
46.270982 -70.995257
48.119267 -69.165262
46.342982 -72.542072
56.551563 -76.547111
45.649266 -72.694184
46.415086 -71.752811
46.509013 -75.353953
46.856480 -71.418342
48.531408 -67.548003
46.937554 -71.470228
45.492449 -72.314950
48.098711 -77.796768
46.030641 -74.206284
45.915171 -75.598644
46.377586 -70.923293
46.820142 -71.260833
45.681034 -73.437497
45.404236 -74.037960
45.081684 -73.126646
45.773338 -73.352747
45.454827 -73.569873
46.055672 -71.958956
47.332192 -79.436803
45.608667 -73.719246
45.641103 -75.928465
45.379738 -72.504352
45.949523 -71.997086
51.369575 -78.696517
49.697543 -75.960736
45.344077 -72.516403
45.277362 -71.890887
45.700005 -71.461359
53.049214 -78.713873
45.932847 -72.424601
45.234639 -72.610533
45.472421 -71.620757
45.485719 -73.595699
45.761071 -72.497803
45.569907 -72.006782
45.373246 -70.864532
45.737819 -71.807095
46.283830 -72.830063
46.004936 -72.920385
46.005233 -72.906134
50.734969 -108.758488
52.326104 -106.291491
50.746603 -103.417945
49.264616 -102.282525
49.388641 -101.872511
51.894009 -106.055485
51.377454 -109.996892
52.517579 -106.016978
49.716886 -107.296929
53.103928 -103.660880
52.440067 -103.861520
49.639066 -102.492536
52.134257 -107.228725
49.633567 -105.991792
50.015753 -105.054874
50.801713 -103.544829
50.492122 -104.268777
52.736268 -108.305243
55.152180 -107.607293
50.877454 -107.383560
49.396806 -105.127933
50.710118 -105.205449
49.142679 -102.808674
53.833482 -107.031223
52.057145 -107.983556
52.982380 -105.432070
51.095917 -106.981242
52.829726 -106.880179
52.405045 -107.239656
50.938058 -102.052565
50.456500 -105.815324
50.378062 -102.579067
51.441307 -108.718126
52.263984 -105.525301
51.703936 -102.755976
55.862840 -108.479460
50.655320 -109.909003
50.619458 -108.460902
49.727535 -107.743718
51.158120 -101.746970
55.167346 -108.155210
51.633945 -102.437007
53.359024 -106.602090
49.175442 -101.630253
49.633965 -102.267081
49.173938 -101.795810
50.455057 -105.878404
53.280209 -103.587526
50.796543 -106.506844
49.459121 -104.601250
50.461854 -106.659418
53.491684 -104.486173
53.539965 -105.789231
50.898453 -101.896874
51.996337 -106.377273
49.208181 -108.389552
53.080883 -108.341098
50.135202 -106.384093
51.711321 -109.246106
51.977012 -105.874460
51.529656 -107.243002
49.295378 -109.520113
49.113643 -105.523090
51.052095 -105.822402
49.819452 -103.306926
54.753990 -101.898019
52.489637 -105.735156
53.958266 -102.267444
50.946829 -104.211685
52.747843 -109.020609
52.341240 -106.771640
51.262855 -105.989034
53.524761 -106.881082
51.923770 -107.134836
52.227976 -109.650429
55.929294 -108.928447
51.331833 -107.446792
51.799528 -108.835033
52.788728 -105.731384
51.745892 -105.012615
50.684393 -102.474186
52.811855 -106.226027
51.809592 -106.507627
50.944934 -104.036855
50.936162 -104.711311
49.514043 -108.819966
51.222923 -109.390661
53.187787 -108.766837
51.120315 -106.596903
51.743724 -103.862311
51.200638 -108.032923
50.656852 -102.075779
49.139084 -102.991481
51.150626 -108.757498
50.802159 -106.149167
49.881261 -103.433626
50.075635 -101.513011
51.641584 -103.531487
59.328056 -107.182901
50.768051 -103.782955
50.464907 -109.485699
50.100414 -103.868712
49.207476 -102.427820
49.204894 -108.561809
49.177356 -101.449173
53.360354 -108.355219
49.207719 -102.016763
50.196786 -103.138898
51.059435 -103.182622
54.399251 -109.230136
51.311189 -104.992678
49.875676 -106.557317
50.719712 -102.640310
54.291225 -107.791245
50.411398 -102.930090
50.094077 -108.484611
52.726502 -107.353148
52.510945 -106.416309
51.627971 -106.439486
51.733751 -107.580663
51.413566 -106.602099
50.400062 -108.593949
52.523257 -106.730263
50.427523 -107.223438
51.637959 -108.354141
50.109537 -106.960377
50.958940 -105.422580
52.856798 -102.388114
52.201979 -105.122865
55.450565 -107.903630
51.346933 -105.435924
50.533357 -103.669901
51.806973 -103.155211
51.170570 -103.495758
51.788274 -104.717263
51.564884 -101.898415
51.263663 -103.738365
52.166523 -103.529335
51.500613 -106.270624
50.013026 -102.347899
49.832931 -102.283659
51.918545 -109.136794
57.257119 -105.613647
49.669113 -107.004064
51.467527 -109.154683
52.951831 -105.030762
50.102289 -102.632301
49.645759 -102.678228
50.832702 -108.039213
56.481961 -109.435338
55.108230 -105.285989
49.704946 -106.573408
52.714183 -106.588538
49.145437 -104.196324
52.394872 -104.984256
49.377307 -102.762112
52.199035 -108.451594
49.918595 -104.372463
50.842218 -101.700806
52.358978 -106.958358
51.848084 -105.028813
53.125749 -109.613478
50.888983 -109.541946
53.018840 -106.736426
50.727441 -103.203043
53.632754 -107.554153
52.000212 -104.738597
51.312298 -103.982016
51.139314 -105.449642
49.652842 -106.269127
52.065762 -103.243884
50.902579 -103.848951
53.277963 -110.006145
54.026158 -109.158515
51.230076 -106.598542
50.983082 -107.134275
50.646281 -104.867569
52.081862 -109.390176
52.333219 -109.936426
51.327118 -107.084345
53.087744 -109.292116
49.419051 -107.075052
49.604880 -102.083771
49.906595 -109.480174
52.927214 -106.791018
51.826282 -103.335860
50.620364 -105.718487
52.839659 -109.823148
53.193116 -109.778275
52.293121 -106.657838
49.834833 -101.525670
52.563019 -107.707445
52.100418 -105.761042
54.131675 -108.428026
53.442541 -105.368982
52.860839 -104.614297
50.929452 -102.804654
53.035378 -108.454717
49.395933 -103.411051
52.481399 -105.302798
51.486953 -107.521407
49.991526 -104.515755
49.164898 -104.586658
52.870778 -103.371055
52.870778 -103.371055
54.500000 -105.550000
50.219361 -103.448307
50.391581 -105.534856
50.143567 -101.666828
50.414895 -107.038748
50.455615 -106.066756
49.938840 -105.964435
52.420112 -104.498470
50.223454 -107.244156
52.837187 -109.629743
50.713132 -103.012132
49.961727 -107.627529
53.362353 -104.013005
51.508783 -105.008947
51.882039 -102.088284
52.776475 -108.297456
49.002238 -102.548967
50.283142 -103.783545
49.574840 -104.917072
49.738056 -105.393807
52.367437 -106.536179
51.487360 -107.057842
49.227223 -102.169534
53.507892 -105.561814
49.646829 -104.658180
53.538798 -109.458430
55.895007 -107.703588
53.015091 -108.940168
55.171526 -102.939774
51.855870 -101.931632
50.532108 -108.232664
50.415818 -104.981506
52.056009 -107.543326
49.989503 -109.121846
54.343410 -109.777460
50.480103 -104.418662
55.519457 -106.573889
51.164693 -108.445905
51.783323 -108.644868
49.746306 -107.489687
52.599789 -103.254325
51.954278 -102.668090
50.853448 -109.404506
53.203349 -105.753071
52.334421 -105.890508
51.371196 -104.297424
50.542613 -103.877670
52.069806 -104.256388
53.141635 -107.767431
52.460621 -107.395367
49.460820 -104.297090
51.408230 -104.528553
49.577077 -101.699192
50.445211 -104.618894
50.792207 -104.985710
51.352556 -102.190655
50.112614 -104.326874
50.455727 -109.755281
53.057746 -104.153123
50.902907 -106.867473
50.381837 -101.700626
49.179660 -105.951021
52.289645 -103.812058
51.555491 -107.991033
52.662259 -106.331826
50.188786 -104.907232
51.036610 -102.163573
55.525592 -102.315742
52.133214 -106.670046
50.861845 -109.267103
52.365740 -108.828757
50.170038 -104.013331
51.406481 -104.731372
49.646338 -108.421579
51.587998 -103.211163
53.306196 -107.062338
53.223136 -106.388424
51.448615 -105.445199
50.478149 -103.449729
53.492614 -104.806354
51.633609 -109.468471
56.328682 -103.241773
50.940354 -104.498881
52.328702 -104.497882
52.707889 -107.558022
53.364544 -107.517434
51.347400 -102.742563
50.603483 -101.685078
52.568382 -105.389598
52.638419 -104.888680
52.178303 -104.829140
52.920633 -105.810627
53.633517 -109.200592
55.418155 -104.563358
52.863617 -104.329804
50.660838 -102.301617
59.258762 -105.831660
49.390398 -101.601710
49.678592 -103.029849
51.069190 -104.958705
51.331873 -106.597024
51.937931 -102.540009
50.285069 -107.797172
50.536744 -101.842117
51.424673 -102.922555
52.847396 -104.048984
51.403531 -101.584498
50.062364 -108.793310
49.140669 -103.495709
52.135882 -108.949506
49.246885 -103.822552
56.477864 -108.697339
53.387978 -108.958396
52.443732 -109.158319
59.569326 -108.610521
49.246363 -107.728801
49.906451 -107.301724
52.002368 -106.973034
50.334130 -103.945811
51.946987 -105.647477
52.318262 -106.100468
51.944507 -103.801470
52.648934 -105.740099
52.620346 -106.652604
50.261556 -101.972014
52.318366 -106.575075
53.943604 -106.179659
51.674514 -105.468338
52.129392 -104.527659
49.903118 -102.029157
50.182559 -108.202381
50.326767 -101.520255
49.663284 -103.853291
53.452785 -104.088748
50.329875 -102.266628
50.097934 -104.722536
52.409363 -108.703677
49.391729 -105.637532
50.107018 -102.837084
51.310117 -107.651050
51.548220 -103.977154
58.234164 -103.456457
50.424040 -103.276991
49.370228 -106.383620
51.765230 -104.179200
52.749570 -105.248689
49.805721 -104.158545
51.217448 -102.473933
51.767134 -105.747187
51.616117 -107.745143
53.064428 -103.758225
62.383753 -140.875303
61.354167 -138.994444
60.167585 -134.707351
62.088468 -136.287290
64.060070 -139.432035
61.252471 -138.800831
62.228542 -133.353160
60.754454 -137.511782
60.516667 -134.333333
63.594262 -135.896492
67.569634 -139.828784
62.817979 -136.568795
61.979117 -132.448478
60.019420 -131.045667
60.312872 -134.274321
60.168605 -132.720371
60.062806 -128.710913
60.721187 -135.056845
